10,161
10,292
10,28
10,6
10,72
10,35
10,64
9,7
9,1
9,5
9,2
9,3
8,13
8,10
8,5
8,8
8,14
30,3
30,2
30,1
30,0
25,3
25,2
25,1
25,0
20,3
20,2
20,1
12,3
12,2
19,2
19,1
12,1
11,28
11,27
11,26
11,25
11,24
11,23
11,22
11,21
11,20
11,19
11,18
11,17
11,16
11,15
11,14
11,13
11,12
11,11
11,10
11,9
11,8
11,7
11,6
11,5
11,4
11,3
19,3
11,2
11,1
10,300
10,299
10,297
10,286
10,277
10,274
10,273
10,267
10,260
10,257
10,256
10,255
10,252
10,245
10,244
10,243
10,228
10,223
10,222
10,217
10,211
10,207
10,206
10,203
10,174
10,118
10,114
18,1
10,89
